                        Nombre_de_la_prueba: JUAN_1

  Datos_de_entrada
  b      7.50000     lm      97.5000    hc     11.0000
  fpc      280.330
 tipo_acero: G42RB                                              rho     3.464666E-03
      Datos del acero
  diámetro      núm._de_barras         profundidad
      1.27000         1.00000         5.50000
      1.27000         1.00000         92.0000
 altura_ini_fin_mod      5.50000         92.0000

 datos_estribos

 Criterios_de_iteración
 iter_máx_para_C     1000.00     núm.de_fibras:      2000.00

                 Resultados

                          Criterio_falla_concreto_NO_confinado
  Momento         Carga_axial             eje_Neutro              phi

      0.00000         119.292         243.750         0.00000
      2211.64         105.318         193.000        1.417132E-05
      2261.70         105.066         191.000        1.432878E-05
      2313.44         104.806         189.000        1.448978E-05
      2367.16         104.537         187.000        1.465444E-05
      2423.14         104.258         185.000        1.482288E-05
      2480.92         103.971         183.000        1.499524E-05
      2541.04         103.673         181.000        1.517165E-05
      2603.44         103.365         179.000        1.535227E-05
      2668.34         103.046         177.000        1.553723E-05
      2735.72         102.715         175.000        1.572671E-05
      2805.83         102.372         173.000        1.592087E-05
      2878.78         102.017         171.000        1.611988E-05
      2954.62         101.649         169.000        1.632393E-05
      3033.74         101.266         167.000        1.653321E-05
      3116.20         100.869         165.000        1.674793E-05
      3202.02         100.456         163.000        1.696830E-05
      3291.51         100.028         161.000        1.719454E-05
      3384.90         99.5816         159.000        1.742690E-05
      3482.55         99.1175         157.000        1.766562E-05
      3584.44         98.6344         155.000        1.791098E-05
      3690.89         98.1311         153.000        1.816324E-05
      3802.29         97.6066         151.000        1.842272E-05
      3918.77         97.0595         149.000        1.868972E-05
      4040.81         96.4886         147.000        1.896457E-05
      4168.70         95.8924         145.000        1.924762E-05
      4302.66         95.2695         143.000        1.953925E-05
      4443.27         94.6181         141.000        1.983985E-05
      4590.84         93.9365         139.000        2.014985E-05
      4745.85         93.2228         137.000        2.046969E-05
      4908.90         92.4749         135.000        2.079985E-05
      5080.38         91.6906         133.000        2.114083E-05
      5260.97         90.8674         131.000        2.149317E-05
      5451.31         90.0027         129.000        2.185746E-05
      5652.12         89.0937         127.000        2.223432E-05
      5864.16         88.1368         125.000        2.262439E-05
      6087.87         87.1298         123.000        2.302840E-05
      6324.72         86.0680         121.000        2.344710E-05
      6575.33         84.9475         119.000        2.388130E-05
      6840.95         83.7641         117.000        2.433189E-05
      7122.74         82.5126         115.000        2.479981E-05
      7421.97         81.1881         113.000        2.528609E-05
      7740.04         79.7844         111.000        2.579181E-05
      8078.59         78.2952         109.000        2.631817E-05
      8439.43         76.7132         107.000        2.686647E-05
      8824.38         75.0307         105.000        2.743809E-05
      9235.72         73.2387         103.000        2.803457E-05
      9675.83         71.3276         101.000        2.865756E-05
      10147.4         69.2863         99.0000        2.930887E-05
      10655.4         67.0556         97.0000        2.999047E-05
      10667.7         66.9487         96.9000        3.002539E-05
      10688.7         66.8044         96.8000        3.006038E-05
      10735.9         66.7745         96.7000        3.009546E-05
      10756.7         66.6305         96.6000        3.013061E-05
      10777.5         66.4867         96.5000        3.016585E-05
      10798.2         66.3430         96.4000        3.020118E-05
      10810.8         66.2345         96.3000        3.023658E-05
      10857.7         66.2043         96.2000        3.027207E-05
      10878.4         66.0605         96.1000        3.030764E-05
      10899.0         65.9168         96.0000        3.034330E-05
      10919.5         65.7734         95.9000        3.037904E-05
      10966.1         65.7431         95.8000        3.041486E-05
      10986.6         65.5997         95.7000        3.045077E-05
      11007.0         65.4563         95.6000        3.048676E-05
      11027.4         65.3131         95.5000        3.052284E-05
      11066.3         65.3149         95.4000        3.055900E-05
      11086.6         65.1716         95.3000        3.059526E-05
      11107.0         65.0283         95.2000        3.063159E-05
      11127.2         64.8850         95.1000        3.066801E-05
      11173.3         64.8540         95.0000        3.070452E-05
      11193.5         64.7110         94.9000        3.074112E-05
      11213.6         64.5680         94.8000        3.077780E-05
      11233.8         64.4248         94.7000        3.081457E-05
      11279.5         64.3940         94.6000        3.085143E-05
      11299.6         64.2510         94.5000        3.088838E-05
      11319.5         64.1082         94.4000        3.092541E-05
      11339.5         63.9655         94.3000        3.096254E-05
      11356.8         63.0801         94.2000        2.987253E-05
      11346.0         62.2783         94.1000        2.899393E-05
      11341.5         61.4945         94.0000        2.816553E-05
      11336.5         60.7525         93.9000        2.738316E-05
      11331.0         60.0616         93.8000        2.664308E-05
      11264.1         59.1591         93.7001        2.594194E-05
      11200.2         58.3010         93.6001        2.527677E-05
      11139.1         57.4843         93.5001        2.464485E-05
      11107.1         56.8215         93.4001        2.404376E-05
      11050.3         56.0757         93.3001        2.347129E-05
      10993.3         55.3535         93.2001        2.292544E-05
      10934.7         54.6468         93.1001        2.240441E-05
      10899.6         54.0651         93.0001        2.190654E-05
      10833.6         53.3709         92.9001        2.143031E-05
      10762.7         52.6772         92.8001        2.097434E-05
      10687.5         51.9855         92.7001        2.053738E-05
      10634.9         51.4109         92.6001        2.011825E-05
      10553.0         50.7265         92.5001        1.971589E-05
      10468.8         50.0479         92.4001        1.932930E-05
      10382.5         49.3758         92.3001        1.895758E-05
      10320.2         48.8218         92.2001        1.859989E-05
      10230.9         48.1641         92.1001        1.825545E-05
      10140.7         47.5147         92.0001        1.792354E-05
      10049.8         46.8741         91.9001        1.760347E-05
      9985.78         46.3387         91.8001        1.729464E-05
      9893.94         45.7158         91.7001        1.699646E-05
      9802.10         45.1024         91.6001        1.670838E-05
      9710.37         44.4984         91.5001        1.642991E-05
      9642.71         44.0076         91.4001        1.616057E-05
      9551.38         43.4219         91.3001        1.589991E-05
      9460.51         42.8458         91.2001        1.564753E-05
      9370.19         42.2794         91.1001        1.540304E-05
      9303.48         41.8221         91.0001        1.516607E-05
      9214.29         41.2737         90.9001        1.493628E-05
      9125.92         40.7347         90.8001        1.471335E-05
      9060.56         40.3017         90.7001        1.449698E-05
      8973.58         39.7802         90.6001        1.428688E-05
      8889.03         39.2611         90.5001        1.408278E-05
      8803.82         38.7578         90.4001        1.388443E-05
      8740.92         38.3563         90.3001        1.369159E-05
      8657.41         37.8694         90.2001        1.350404E-05
      8574.83         37.3912         90.1001        1.332155E-05
      8493.30         36.9212         90.0001        1.314393E-05
      8433.27         36.5488         89.9001        1.297099E-05
      8354.67         36.0892         89.8001        1.280253E-05
      8275.89         35.6427         89.7001        1.263840E-05
      8218.01         35.2905         89.6001        1.247842E-05
      8141.06         34.8585         89.5001        1.232244E-05
      8065.07         34.4339         89.4001        1.217031E-05
      7990.13         34.0166         89.3001        1.202189E-05
      7935.30         33.6896         89.2001        1.187705E-05
      7862.96         33.2820         89.1001        1.173565E-05
      7790.77         32.8850         89.0001        1.159759E-05
      7719.49         32.4947         88.9001        1.146273E-05
      7667.67         32.1910         88.8001        1.133098E-05
      7598.17         31.8129         88.7001        1.120222E-05
      7530.26         31.4384         88.6001        1.107635E-05
      7480.47         31.1505         88.5001        1.095328E-05
      7413.63         30.7903         88.4001        1.083291E-05
      7347.68         30.4361         88.3001        1.071516E-05
      7282.60         30.0876         88.2001        1.059995E-05
      7236.09         29.8174         88.1001        1.048718E-05
      7172.59         29.4795         88.0001        1.037679E-05
      7110.02         29.1470         87.9001        1.026870E-05
      7064.95         28.8924         87.8001        1.016284E-05
      7004.20         28.5683         87.7001        1.005913E-05
      6944.00         28.2508         87.6001        9.957526E-06
      6884.57         27.9384         87.5001        9.857951E-06
      6842.04         27.7005         87.4001        9.760347E-06
      6784.24         27.3962         87.3001        9.664658E-06
      6727.05         27.0975         87.2001        9.570826E-06
      6686.22         26.8712         87.1002        9.478799E-06
      6630.55         26.5804         87.0002        9.388525E-06
      6575.47         26.2947         86.9002        9.299954E-06
      6521.12         26.0132         86.8002        9.213039E-06
      6482.55         25.8013         86.7002        9.127732E-06
      6429.54         25.5275         86.6002        9.043992E-06
      6377.19         25.2579         86.5002        8.961774E-06
      6340.16         25.0558         86.4002        8.881038E-06
      6289.08         24.7935         86.3002        8.801742E-06
      6238.65         24.5350         86.2002        8.723851E-06
      6203.10         24.3420         86.1002        8.647326E-06
      6153.89         24.0903         86.0002        8.572132E-06
      6105.29         23.8422         85.9002        8.498234E-06
      6057.34         23.5976         85.8002        8.425600E-06
      6023.73         23.4161         85.7002        8.354196E-06
      5976.87         23.1778         85.6002        8.283993E-06
      5930.66         22.9429         85.5002        8.214960E-06
      5898.34         22.7692         85.4002        8.147068E-06
      5853.13         22.5401         85.3002        8.080288E-06
      5808.51         22.3143         85.2002        8.014596E-06
      5777.45         22.1480         85.1002        7.949961E-06
      5733.83         21.9277         85.0002        7.886362E-06
      5690.75         21.7104         84.9002        7.823772E-06
      5648.22         21.4960         84.8002        7.762167E-06
      5618.75         21.3390         84.7002        7.701526E-06
      5577.17         21.1298         84.6002        7.641824E-06
      5536.08         20.9234         84.5002        7.583040E-06
      5507.72         20.7728         84.4002        7.525155E-06
      5467.53         20.5713         84.3002        7.468146E-06
      5427.83         20.3724         84.2002        7.411994E-06
      5400.51         20.2278         84.1002        7.356681E-06
      5361.66         20.0335         84.0002        7.302187E-06
      5323.27         19.8417         83.9002        7.248495E-06
      5296.95         19.7029         83.8002        7.195586E-06
      5259.35         19.5155         83.7002        7.143444E-06
      5222.21         19.3305         83.6002        7.092052E-06
      5185.51         19.1477         83.5002        7.041395E-06
      5160.48         19.0161         83.4002        6.991456E-06
      5124.51         18.8375         83.3002        6.942220E-06
      5089.00         18.6610         83.2002        6.893673E-06
      5064.84         18.5344         83.1002        6.845801E-06
      5030.02         18.3618         83.0002        6.798588E-06
      4995.60         18.1914         82.9002        6.752023E-06
      4972.28         18.0694         82.8002        6.706091E-06
      4938.56         17.9027         82.7002        6.660779E-06
      4905.21         17.7379         82.6002        6.616076E-06
      4882.68         17.6204         82.5002        6.571969E-06
      4849.99         17.4592         82.4002        6.528446E-06
      4817.67         17.2998         82.3002        6.485496E-06
      4795.88         17.1865         82.2002        6.443107E-06
      4764.19         17.0305         82.1002        6.401268E-06
      4732.85         16.8763         82.0002        6.359970E-06
      4711.79         16.7670         81.9002        6.319201E-06
      4681.03         16.6160         81.8002        6.278951E-06
      4650.63         16.4666         81.7002        6.239211E-06
      4630.24         16.3612         81.6002        6.199971E-06
      4600.41         16.2149         81.5002        6.161221E-06
      4570.89         16.0702         81.4002        6.122953E-06
      4551.16         15.9684         81.3002        6.085157E-06
      4522.18         15.8266         81.2002        6.047824E-06
      4493.52         15.6864         81.1002        6.010947E-06
      4474.42         15.5880         81.0002        5.974518E-06
      4446.27         15.4506         80.9002        5.938527E-06
      4418.43         15.3146         80.8002        5.902966E-06
      4399.92         15.2195         80.7002        5.867830E-06
      4372.55         15.0862         80.6003        5.833109E-06
      4345.50         14.9543         80.5003        5.798796E-06
      4327.56         14.8622         80.4003        5.764885E-06
      4300.96         14.7329         80.3003        5.731369E-06
      4274.64         14.6049         80.2003        5.698239E-06
      4257.23         14.5158         80.1003        5.665491E-06
      4231.40         14.3902         80.0003        5.633116E-06
      4205.81         14.2659         79.9003        5.601110E-06
      4188.91         14.1797         79.8003        5.569465E-06
      4163.76         14.0577         79.7003        5.538177E-06
      4138.85         13.9370         79.6003        5.507237E-06
      4122.45         13.8534         79.5003        5.476641E-06
      4097.98         13.7349         79.4003        5.446384E-06
      4073.74         13.6176         79.3003        5.416458E-06
      4057.81         13.5365         79.2003        5.386860E-06
      4033.98         13.4213         79.1003        5.357584E-06
      4010.39         13.3073         79.0003        5.328624E-06
      3994.91         13.2287         78.9003        5.299975E-06
      3971.70         13.1167         78.8003        5.271633E-06
      3956.51         13.0396         78.7003        5.243593E-06
      3933.67         12.9296         78.6003        5.215849E-06
      3911.07         12.8206         78.5003        5.188397E-06
      3896.28         12.7458         78.4003        5.161233E-06
      3874.05         12.6387         78.3003        5.134351E-06
      3852.01         12.5327         78.2003        5.107749E-06
      3837.62         12.4601         78.1003        5.081420E-06
      3815.94         12.3558         78.0003        5.055361E-06
      3794.47         12.2526         77.9003        5.029568E-06
      3780.48         12.1820         77.8003        5.004038E-06
      3759.34         12.0806         77.7003        4.978765E-06
      3745.56         12.0113         77.6003        4.953746E-06
      3724.76         11.9115         77.5003        4.928977E-06
      3704.14         11.8126         77.4003        4.904455E-06
      3690.73         11.7453         77.3003        4.880176E-06
      3670.44         11.6480         77.2003        4.856135E-06
      3650.31         11.5517         77.1003        4.832331E-06
      3637.26         11.4862         77.0003        4.808758E-06
      3617.45         11.3915         76.9003        4.785415E-06
      3597.82         11.2976         76.8003        4.762297E-06
      3585.10         11.2339         76.7003        4.739401E-06
      3565.75         11.1415         76.6003        4.716725E-06
      3553.23         11.0789         76.5003        4.694264E-06
      3534.18         10.9880         76.4003        4.672017E-06
      3515.29         10.8979         76.3003        4.649979E-06
      3503.02         10.8373         76.2003        4.628148E-06
      3484.47         10.7482         76.1003        4.606521E-06
      3466.04         10.6603         76.0003        4.585095E-06
      3454.14         10.6010         75.9003        4.563868E-06
      3435.96         10.5145         75.8003        4.542836E-06
      3424.21         10.4560         75.7003        4.521998E-06
      3406.31         10.3709         75.6003        4.501349E-06
      3388.55         10.2864         75.5003        4.480888E-06
      3377.11         10.2295         75.4003        4.460613E-06
      3359.60         10.1464         75.3003        4.440520E-06
      3348.32         10.0904         75.2003        4.420608E-06
      3331.07         10.0085         75.1003        4.400873E-06
      3313.96         9.92730         75.0003        4.381313E-06
      3302.94         9.87268         74.9003        4.361927E-06
      3286.07         9.79271         74.8003        4.342711E-06
      3275.20         9.73893         74.7003        4.323665E-06
      3258.57         9.66016         74.6003        4.304784E-06
      3242.08         9.58205         74.5003        4.286067E-06
      3231.46         9.52958         74.4003        4.267513E-06
      3215.19         9.45262         74.3003        4.249119E-06
      3199.06         9.37630         74.2003        4.230882E-06
      3188.69         9.32510         74.1003        4.212801E-06
      3172.77         9.24989         74.0004        4.194875E-06
      3162.54         9.19946         73.9004        4.177100E-06
      3146.84         9.12532         73.8004        4.159475E-06
      3136.74         9.07564         73.7004        4.141998E-06
      3121.26         9.00256         73.6004        4.124668E-06
      3105.89         8.93008         73.5004        4.107481E-06
      3096.02         8.88157         73.4004        4.090438E-06
      3080.86         8.81012         73.3004        4.073535E-06
      3071.12         8.76228         73.2004        4.056772E-06
      3056.16         8.69184         73.1004        4.040146E-06
      3041.32         8.62196         73.0004        4.023655E-06
      3031.79         8.57524         72.9004        4.007299E-06
      3017.13         8.50633         72.8004        3.991075E-06
      3007.73         8.46026         72.7004        3.974982E-06
      2993.27         8.39230         72.6004        3.959018E-06
      2978.93         8.32488         72.5004        3.943182E-06
      2969.71         8.27985         72.4004        3.927472E-06
      2955.56         8.21335         72.3004        3.911887E-06
      2946.46         8.16894         72.2004        3.896425E-06
      2932.48         8.10333         72.1004        3.881085E-06
      2923.50         8.05954         72.0004        3.865865E-06
      2909.70         7.99482         71.9004        3.850764E-06
      2896.00         7.93061         71.8004        3.835780E-06
      2887.20         7.88776         71.7004        3.820913E-06
      2873.68         7.82440         71.6004        3.806160E-06
      2864.99         7.78213         71.5004        3.791521E-06
      2851.64         7.71961         71.4004        3.776994E-06
      2843.05         7.67790         71.3004        3.762578E-06
      2829.86         7.61621         71.2004        3.748272E-06
      2816.77         7.55498         71.1004        3.734074E-06
      2808.36         7.51415         71.0004        3.719983E-06
      2795.42         7.45372         70.9004        3.705998E-06
      2787.11         7.41343         70.8004        3.692118E-06
      2774.33         7.35379         70.7004        3.678341E-06
      2766.13         7.31401         70.6004        3.664667E-06
      2753.51         7.25513         70.5004        3.651095E-06
      2740.98         7.19669         70.4004        3.637622E-06
      2732.93         7.15770         70.3004        3.624248E-06
      2720.55         7.10004         70.2004        3.610973E-06
      2712.59         7.06158         70.1004        3.597794E-06
      2700.36         7.00462         70.0004        3.584711E-06
      2692.49         6.96665         69.9004        3.571723E-06
      2680.40         6.91040         69.8004        3.558829E-06
      2672.63         6.87289         69.7004        3.546027E-06
      2660.69         6.81735         69.6004        3.533317E-06
      2652.99         6.78031         69.5004        3.520698E-06
      2641.20         6.72545         69.4004        3.508169E-06
      2629.47         6.67101         69.3004        3.495729E-06
      2621.92         6.63470         69.2004        3.483377E-06
      2610.35         6.58091         69.1004        3.471111E-06
      2602.88         6.54504         69.0004        3.458932E-06
      2591.43         6.49192         68.9004        3.446838E-06
      2584.05         6.45648         68.8004        3.434828E-06
      2572.74         6.40400         68.7004        3.422901E-06
      2565.44         6.36899         68.6004        3.411057E-06
      2554.25         6.31715         68.5004        3.399295E-06
      2547.02         6.28254         68.4004        3.387614E-06
      2535.97         6.23133         68.3004        3.376012E-06
      2528.82         6.19713         68.2004        3.364490E-06
      2517.89         6.14654         68.1004        3.353046E-06
      2510.82         6.11274         68.0004        3.341680E-06
      2500.01         6.06274         67.9004        3.330390E-06
      2489.28         6.01310         67.8004        3.319177E-06
      2482.34         5.97993         67.7004        3.308039E-06
      2471.72         5.93087         67.6004        3.296975E-06
      2464.84         5.89809         67.5005        3.285985E-06
      2454.35         5.84960         67.4005        3.275068E-06
      2447.54         5.81719         67.3005        3.264224E-06
      2437.16         5.76928         67.2005        3.253451E-06
      2430.43         5.73722         67.1005        3.242749E-06
      2420.16         5.68987         67.0005        3.232117E-06
      2413.50         5.65818         66.9005        3.221554E-06
      2403.34         5.61138         66.8005        3.211061E-06
      2396.75         5.58003         66.7005        3.200635E-06
      2386.70         5.53376         66.6005        3.190277E-06
      2380.17         5.50277         66.5005        3.179986E-06
      2370.24         5.45703         66.4005        3.169761E-06
      2363.77         5.42638         66.3005        3.159601E-06
      2353.95         5.38116         66.2005        3.149507E-06
      2347.54         5.35084         66.1005        3.139476E-06
      2337.82         5.30614         66.0005        3.129510E-06
      2331.48         5.27615         65.9005        3.119606E-06
      2321.86         5.23196         65.8005        3.109765E-06
      2315.60         5.20225         65.7005        3.099986E-06
      2306.08         5.15857         65.6005        3.090268E-06
      2299.86         5.12921         65.5005        3.080611E-06
      2290.45         5.08600         65.4005        3.071014E-06
      2284.29         5.05696         65.3005        3.061477E-06
      2274.98         5.01423         65.2005        3.051999E-06
      2268.88         4.98549         65.1005        3.042579E-06
      2259.67         4.94323         65.0005        3.033217E-06
      2253.62         4.91479         64.9005        3.023913E-06
      2247.60         4.88645         64.8005        3.014665E-06
      2238.52         4.84485         64.7005        3.005474E-06
      2232.56         4.81681         64.6005        2.996339E-06
      2223.57         4.77567         64.5005        2.987259E-06
      2217.66         4.74791         64.4005        2.978235E-06
      2208.77         4.70722         64.3005        2.969264E-06
      2202.91         4.67974         64.2005        2.960347E-06
      2194.11         4.63949         64.1005        2.951484E-06
      2188.31         4.61229         64.0005        2.942674E-06
      2179.60         4.57248         63.9005        2.933916E-06
      2173.85         4.54556         63.8005        2.925210E-06
      2165.23         4.50617         63.7005        2.916555E-06
      2159.53         4.47952         63.6005        2.907952E-06
      2151.00         4.44056         63.5005        2.899399E-06
      2145.36         4.41417         63.4005        2.890896E-06
      2139.73         4.38788         63.3005        2.882443E-06
      2131.31         4.34950         63.2005        2.874040E-06
      2125.74         4.32346         63.1005        2.865685E-06
      2117.41         4.28549         63.0005        2.857379E-06
      2111.88         4.25971         62.9005        2.849120E-06
      2103.64         4.22214         62.8005        2.840909E-06
      2098.16         4.19661         62.7005        2.832746E-06
      2089.99         4.15944         62.6005        2.824629E-06
      2084.56         4.13416         62.5005        2.816559E-06
      2079.15         4.10896         62.4005        2.808534E-06
      2071.10         4.07234         62.3005        2.800556E-06
      2065.73         4.04738         62.2005        2.792622E-06
      2057.76         4.01114         62.1005        2.784733E-06
      2052.45         3.98642         62.0005        2.776889E-06
      2044.55         3.95055         61.9005        2.769089E-06
      2039.28         3.92607         61.8005        2.761332E-06
      2034.02         3.90167         61.7005        2.753619E-06
      2026.24         3.86633         61.6005        2.745949E-06
      2021.02         3.84216         61.5005        2.738321E-06
      2013.31         3.80718         61.4005        2.730736E-06
      2008.14         3.78323         61.3005        2.723192E-06
      2000.51         3.74861         61.2005        2.715690E-06
      1995.38         3.72489         61.1005        2.708230E-06
      1990.27         3.70124         61.0005        2.700810E-06
      1982.74         3.66711         60.9006        2.693431E-06
      1977.67         3.64369         60.8006        2.686092E-06
      1970.21         3.60991         60.7006        2.678792E-06
      1965.18         3.58670         60.6006        2.671533E-06
      1960.17         3.56357         60.5006        2.664312E-06
      1952.81         3.53027         60.4006        2.657131E-06
      1947.84         3.50734         60.3006        2.649988E-06
      1940.56         3.47438         60.2006        2.642884E-06
      1935.63         3.45167         60.1006        2.635817E-06
      1930.70         3.42902         60.0006        2.628788E-06
      1923.51         3.39652         59.9006        2.621797E-06
      1918.64         3.37408         59.8006        2.614843E-06
      1913.77         3.35171         59.7006        2.607925E-06
      1906.68         3.31967         59.6006        2.601044E-06
      1901.85         3.29749         59.5006        2.594199E-06
      1894.83         3.26577         59.4006        2.587390E-06
      1890.04         3.24380         59.3006        2.580617E-06
      1885.26         3.22189         59.2006        2.573879E-06
      1878.33         3.19061         59.1006        2.567176E-06
      1873.59         3.16890         59.0006        2.560508E-06
      1868.87         3.14725         58.9006        2.553875E-06
      1862.03         3.11641         58.8006        2.547275E-06
      1857.34         3.09495         58.7006        2.540711E-06
      1850.56         3.06441         58.6006        2.534179E-06
      1845.91         3.04314         58.5006        2.527681E-06
      1841.27         3.02193         58.4006        2.521216E-06
      1834.58         2.99181         58.3006        2.514785E-06
      1829.98         2.97079         58.2006        2.508386E-06
      1825.40         2.94983         58.1006        2.502019E-06
      1818.78         2.92012         58.0006        2.495685E-06
      1814.24         2.89934         57.9006        2.489383E-06
      1809.69         2.87863         57.8006        2.483112E-06
      1803.17         2.84932         57.7006        2.476874E-06
      1798.67         2.82879         57.6006        2.470666E-06
      1794.17         2.80831         57.5006        2.464489E-06
      1787.74         2.77940         57.4006        2.458343E-06
      1783.28         2.75910         57.3006        2.452228E-06
      1778.83         2.73886         57.2006        2.446143E-06
      1772.47         2.71035         57.1006        2.440088E-06
      1768.06         2.69028         57.0006        2.434063E-06
      1763.66         2.67027         56.9006        2.428068E-06
      1757.38         2.64213         56.8006        2.422102E-06
      1753.02         2.62229         56.7006        2.416166E-06
      1748.66         2.60251         56.6006        2.410258E-06
      1742.46         2.57475         56.5006        2.404380E-06
      1738.14         2.55514         56.4006        2.398530E-06
      1733.82         2.53557         56.3006        2.392708E-06
      1727.71         2.50819         56.2006        2.386915E-06
      1723.43         2.48879         56.1006        2.381149E-06
      1719.15         2.46945         56.0006        2.375411E-06
      1714.89         2.45016         55.9006        2.369701E-06
      1708.88         2.42325         55.8006        2.364018E-06
      1704.65         2.40412         55.7006        2.358363E-06
      1700.43         2.38505         55.6006        2.352734E-06
      1694.49         2.35849         55.5006        2.347133E-06
      1690.30         2.33958         55.4006        2.341557E-06
      1686.13         2.32072         55.3006        2.336009E-06
      1681.96         2.30191         55.2006        2.330486E-06
      1676.12         2.27580         55.1006        2.324990E-06
      1671.98         2.25715         55.0006        2.319519E-06
      1667.86         2.23855         54.9006        2.314074E-06
      1662.08         2.21279         54.8006        2.308655E-06
      1657.99         2.19434         54.7006        2.303261E-06
      1653.91         2.17595         54.6006        2.297892E-06
      1649.83         2.15760         54.5006        2.292548E-06
      1644.15         2.13228         54.4007        2.287229E-06
      1640.11         2.11409         54.3007        2.281934E-06
      1636.07         2.09593         54.2007        2.276664E-06
      1632.05         2.07784         54.1007        2.271419E-06
      1626.46         2.05294         54.0007        2.266197E-06
      1622.46         2.03499         53.9007        2.260999E-06
      1618.48         2.01710         53.8007        2.255825E-06
      1614.50         1.99925         53.7007        2.250675E-06
      1609.00         1.97476         53.6007        2.245548E-06
      1605.05         1.95706         53.5007        2.240445E-06
      1601.12         1.93941         53.4007        2.235364E-06
      1597.19         1.92180         53.3007        2.230307E-06
      1593.28         1.90425         53.2007        2.225272E-06
      1587.88         1.88026         53.1007        2.220261E-06
      1583.99         1.86285         53.0007        2.215271E-06
      1580.11         1.84548         52.9007        2.210304E-06
      1576.24         1.82816         52.8007        2.205359E-06
      1570.93         1.80458         52.7007        2.200437E-06
      1567.08         1.78740         52.6007        2.195536E-06
      1563.25         1.77026         52.5007        2.190657E-06
      1559.43         1.75318         52.4007        2.185800E-06
      1555.61         1.73613         52.3007        2.180964E-06
      1550.40         1.71303         52.2007        2.176149E-06
      1546.62         1.69613         52.1007        2.171356E-06
      1542.84         1.67927         52.0007        2.166584E-06
      1539.07         1.66246         51.9007        2.161833E-06
      1535.31         1.64569         51.8007        2.157102E-06
      1531.56         1.62898         51.7007        2.152392E-06
      1526.47         1.60642         51.6007        2.147703E-06
      1522.75         1.58984         51.5007        2.143034E-06
      1519.03         1.57329         51.4007        2.138385E-06
      1515.33         1.55680         51.3007        2.133757E-06
      1511.63         1.54035         51.2007        2.129148E-06
      1507.95         1.52394         51.1007        2.124560E-06
      1502.97         1.50193         51.0007        2.119991E-06
      1499.31         1.48565         50.9007        2.115441E-06
      1495.65         1.46942         50.8007        2.110912E-06
      1492.01         1.45324         50.7007        2.106401E-06
      1488.38         1.43709         50.6007        2.101910E-06
      1484.75         1.42100         50.5007        2.097438E-06
      1481.14         1.40494         50.4007        2.092984E-06
      1476.29         1.38353         50.3007        2.088550E-06
      1472.69         1.36760         50.2007        2.084135E-06
      1469.11         1.35172         50.1007        2.079738E-06
      1465.54         1.33588         50.0007        2.075359E-06
      1461.98         1.32008         49.9007        2.070999E-06
      1458.42         1.30433         49.8007        2.066658E-06
      1454.87         1.28862         49.7007        2.062334E-06
      1451.34         1.27296         49.6007        2.058028E-06
      1446.63         1.25221         49.5007        2.053741E-06
      1443.11         1.23666         49.4007        2.049471E-06
      1439.61         1.22116         49.3007        2.045219E-06
      1436.11         1.20570         49.2007        2.040985E-06
      1432.63         1.19029         49.1007        2.036768E-06
      1429.15         1.17491         49.0007        2.032568E-06
      1425.68         1.15958         48.9007        2.028386E-06
      1422.21         1.14429         48.8007        2.024221E-06
      1418.76         1.12905         48.7007        2.020073E-06
      1415.32         1.11384         48.6007        2.015942E-06
      1411.88         1.09868         48.5007        2.011828E-06
      1408.45         1.08356         48.4007        2.007730E-06
      1403.94         1.06375         48.3007        2.003650E-06
      1400.54         1.04875         48.2007        1.999585E-06
      1397.15         1.03379         48.1007        1.995538E-06
      1393.76         1.01887         48.0007        1.991506E-06
      1390.38         1.00399         47.9007        1.987491E-06
      1387.01        0.989151         47.8008        1.983492E-06
      1383.65        0.974357         47.7008        1.979509E-06
      1380.30        0.959613         47.6008        1.975543E-06
      1376.95        0.944888         47.5008        1.971591E-06
      1373.62        0.930216         47.4008        1.967656E-06
      1370.29        0.915586         47.3008        1.963736E-06
      1366.97        0.900995         47.2008        1.959832E-06
      1363.66        0.886448         47.1008        1.955944E-06
      1360.35        0.871939         47.0008        1.952071E-06
      1357.06        0.857471         46.9008        1.948213E-06
      1353.77        0.843044         46.8008        1.944370E-06
      1350.49        0.828657         46.7008        1.940543E-06
      1347.22        0.814311         46.6008        1.936730E-06
      1343.96        0.800005         46.5008        1.932933E-06
      1340.71        0.785740         46.4008        1.929150E-06
      1337.46        0.771515         46.3008        1.925382E-06
      1334.23        0.757331         46.2008        1.921629E-06
      1331.00        0.743185         46.1008        1.917890E-06
      1327.78        0.729079         46.0008        1.914166E-06
      1324.57        0.715015         45.9008        1.910457E-06
      1321.36        0.700989         45.8008        1.906761E-06
      1318.17        0.687005         45.7008        1.903080E-06
      1314.98        0.673058         45.6008        1.899414E-06
      1312.70        0.663064         45.5008        1.895761E-06
      1309.52        0.649171         45.4008        1.892122E-06
      1306.35        0.635318         45.3008        1.888498E-06
      1303.19        0.621504         45.2008        1.884887E-06
      1300.04        0.607728         45.1008        1.881289E-06
      1296.90        0.593992         45.0008        1.877706E-06
      1293.76        0.580296         44.9008        1.874136E-06
      1290.63        0.566639         44.8008        1.870580E-06
      1287.51        0.553024         44.7008        1.867037E-06
      1284.40        0.539444         44.6008        1.863508E-06
      1281.29        0.525904         44.5008        1.859992E-06
      1278.20        0.512404         44.4008        1.856489E-06
      1275.94        0.502539         44.3008        1.852999E-06
      1272.85        0.489092         44.2008        1.849523E-06
      1269.78        0.475683         44.1008        1.846059E-06
      1266.71        0.462313         44.0008        1.842609E-06
      1263.65        0.448982         43.9008        1.839171E-06
      1260.59        0.435689         43.8008        1.835746E-06
      1257.55        0.422435         43.7008        1.832334E-06
      1255.30        0.412643         43.6008        1.828935E-06
      1252.26        0.399441         43.5008        1.825548E-06
      1249.24        0.386280         43.4008        1.822173E-06
      1246.22        0.373156         43.3008        1.818811E-06
      1243.21        0.360072         43.2008        1.815462E-06
      1240.21        0.347032         43.1008        1.812124E-06
      1237.97        0.337292         43.0008        1.808799E-06
      1234.98        0.324298         42.9008        1.805487E-06
      1231.99        0.311342         42.8008        1.802186E-06
      1229.02        0.298426         42.7008        1.798897E-06
      1226.05        0.285548         42.6008        1.795621E-06
      1223.82        0.275868         42.5008        1.792356E-06
      1220.87        0.263044         42.4008        1.789103E-06
      1217.92        0.250257         42.3008        1.785862E-06
      1214.98        0.237506         42.2008        1.782632E-06
      1212.75        0.227867         42.1008        1.779415E-06
      1209.82        0.215172         42.0008        1.776208E-06
      1206.90        0.202513         41.9008        1.773014E-06
      1203.99        0.189894         41.8008        1.769831E-06
      1201.77        0.180296         41.7008        1.766659E-06
      1198.87        0.167730         41.6008        1.763499E-06
      1195.98        0.155202         41.5008        1.760350E-06
      1193.09        0.142713         41.4008        1.757212E-06
      1190.88        0.133156         41.3008        1.754085E-06
      1188.00        0.120720         41.2009        1.750969E-06
      1185.14        0.108323         41.1009        1.747865E-06
      1182.93        9.879474E-02     41.0009        1.744771E-06
      1180.08        8.645216E-02     40.9009        1.741688E-06
      1177.23        7.414646E-02     40.8009        1.738617E-06
      1175.03        6.464827E-02     40.7009        1.735556E-06
      1172.19        5.239567E-02     40.6009        1.732506E-06
      1169.36        4.018346E-02     40.5009        1.729466E-06
      1167.17        3.071498E-02     40.4009        1.726437E-06
      1164.35        1.855552E-02     40.3009        1.723419E-06
      1161.54        6.436966E-03     40.2009        1.720411E-06
      1159.35       -3.000133E-03     40.1009        1.717414E-06
      1156.55       -1.506594E-02     40.0009        1.714427E-06
      1153.77       -2.709268E-02     39.9009        1.711451E-06
      1151.58       -3.649740E-02     39.8009        1.708485E-06
      1148.80       -4.846905E-02     39.7009        1.705529E-06
      1146.62       -5.785674E-02     39.6009        1.702583E-06
      1143.86       -6.977264E-02     39.5009        1.699648E-06
      1141.10       -8.165315E-02     39.4009        1.696722E-06
      1138.92       -9.100477E-02     39.3009        1.693807E-06
      1136.18       -0.102828         39.2009        1.690902E-06
      1134.00       -0.112164         39.1009        1.688006E-06
      1131.27       -0.123930         39.0009        1.685121E-06
      1129.10       -0.133248         38.9009        1.682245E-06
      1126.38       -0.144958         38.8009        1.679379E-06
      1123.66       -0.156631         38.7009        1.676523E-06
      1121.50       -0.165910         38.6009        1.673677E-06
      1118.80       -0.177528         38.5009        1.670840E-06
      1116.64       -0.186788         38.4009        1.668013E-06
      1113.95       -0.198348         38.3009        1.665195E-06
      1111.80       -0.207586         38.2009        1.662387E-06
      1109.12       -0.219089         38.1009        1.659589E-06
      1106.97       -0.228308         38.0009        1.656800E-06
      1104.30       -0.239752         37.9009        1.654020E-06
      1102.15       -0.248950         37.8009        1.651249E-06
      1100.00       -0.258145         37.7009        1.648488E-06
      1097.36       -0.269514         37.6009        1.645736E-06
      1095.21       -0.278686         37.5009        1.642993E-06
      1092.58       -0.289997         37.4009        1.640259E-06
      1090.44       -0.299146         37.3009        1.637534E-06
      1087.81       -0.310399         37.2009        1.634819E-06
      1085.68       -0.319525         37.1009        1.632112E-06
      1083.54       -0.328646         37.0009        1.629414E-06
      1080.94       -0.339819         36.9009        1.626726E-06
      1078.81       -0.348917         36.8009        1.624046E-06
      1076.21       -0.360034         36.7009        1.621375E-06
      1074.09       -0.369105         36.6009        1.618712E-06
      1071.96       -0.378171         36.5009        1.616059E-06
      1069.39       -0.389210         36.4009        1.613414E-06
      1067.27       -0.398249         36.3009        1.610777E-06
      1065.15       -0.407285         36.2009        1.608150E-06
      1062.59       -0.418241         36.1009        1.605530E-06
      1060.48       -0.427249         36.0009        1.602920E-06
      1058.37       -0.436252         35.9009        1.600318E-06
      1056.26       -0.445249         35.8009        1.597724E-06
      1053.72       -0.456102         35.7009        1.595139E-06
      1051.61       -0.465071         35.6009        1.592562E-06
      1049.51       -0.474033         35.5009        1.589993E-06
      1046.99       -0.484804         35.4009        1.587433E-06
      1044.89       -0.493736         35.3009        1.584881E-06
      1042.80       -0.502662         35.2009        1.582337E-06
      1040.70       -0.511580         35.1009        1.579801E-06
      1038.61       -0.520491         35.0009        1.577273E-06
      1036.11       -0.531132         34.9009        1.574754E-06
      1034.03       -0.540014         34.8009        1.572242E-06
      1031.94       -0.548887         34.7010        1.569738E-06
      1029.86       -0.557748         34.6010        1.567243E-06
      1027.78       -0.566604         34.5010        1.564755E-06
      1025.69       -0.575450         34.4010        1.562275E-06
      1023.24       -0.585938         34.3010        1.559803E-06
      1021.16       -0.594752         34.2010        1.557339E-06
      1019.09       -0.603557         34.1010        1.554883E-06
      1017.02       -0.612351         34.0010        1.552434E-06
      1014.95       -0.621137         33.9010        1.549993E-06
      1012.88       -0.629911         33.8010        1.547560E-06
      1010.82       -0.638677         33.7010        1.545134E-06
      1008.76       -0.647432         33.6010        1.542716E-06
      1006.70       -0.656175         33.5010        1.540306E-06
      1004.64       -0.664909         33.4010        1.537903E-06
      1002.58       -0.673633         33.3010        1.535507E-06
      1000.53       -0.682342         33.2010        1.533119E-06
      998.479       -0.691052         33.1010        1.530739E-06
      996.430       -0.699734         33.0010        1.528365E-06
      994.384       -0.708410         32.9010        1.526000E-06
      992.340       -0.717075         32.8010        1.523641E-06
      990.299       -0.725729         32.7010        1.521290E-06
      988.260       -0.734370         32.6010        1.518946E-06
      986.223       -0.742999         32.5010        1.516609E-06
      984.190       -0.751615         32.4010        1.514279E-06
      982.158       -0.760218         32.3010        1.511957E-06
      980.130       -0.768808         32.2010        1.509641E-06
      978.105       -0.777386         32.1010        1.507333E-06
      976.082       -0.785949         32.0010        1.505032E-06
      974.368       -0.793171         31.9010        1.502737E-06
      972.348       -0.801720         31.8010        1.500450E-06
      970.331       -0.810255         31.7010        1.498170E-06
      968.317       -0.818777         31.6010        1.495896E-06
      966.306       -0.827285         31.5010        1.493630E-06
      964.590       -0.834509         31.4010        1.491370E-06
      962.582       -0.842999         31.3010        1.489117E-06
      960.578       -0.851474         31.2010        1.486871E-06
      958.577       -0.859934         31.1010        1.484632E-06
      956.860       -0.867159         31.0010        1.482399E-06
      954.863       -0.875601         30.9010        1.480173E-06
      952.869       -0.884027         30.8010        1.477954E-06
      951.152       -0.891252         30.7010        1.475742E-06
      949.162       -0.899657         30.6010        1.473536E-06
      947.176       -0.908047         30.5010        1.471336E-06
      945.459       -0.915269         30.4010        1.469144E-06
      943.477       -0.923636         30.3010        1.466957E-06
      941.499       -0.931988         30.2010        1.464777E-06
      939.782       -0.939205         30.1010        1.462604E-06
      937.809       -0.947534         30.0010        1.460437E-06
      936.092       -0.954750         29.9010        1.458277E-06
      934.124       -0.963055         29.8010        1.456123E-06
      932.407       -0.970268         29.7010        1.453975E-06
      930.445       -0.978549         29.6010        1.451834E-06
      928.728       -0.985758         29.5010        1.449699E-06
      926.771       -0.994013         29.4010        1.447570E-06
      925.055        -1.00122         29.3010        1.445447E-06
      923.103        -1.00945         29.2010        1.443331E-06
      921.388        -1.01665         29.1010        1.441221E-06
      919.673        -1.02385         29.0010        1.439117E-06
      917.729        -1.03204         28.9010        1.437019E-06
      916.015        -1.03924         28.8010        1.434927E-06
      914.301        -1.04643         28.7010        1.432841E-06
      912.366        -1.05458         28.6010        1.430762E-06
      910.653        -1.06177         28.5010        1.428688E-06
      908.940        -1.06896         28.4010        1.426620E-06
      907.013        -1.07707         28.3010        1.424559E-06
      905.303        -1.08425         28.2010        1.422503E-06
      903.592        -1.09142         28.1010        1.420453E-06
      901.882        -1.09859         28.0010        1.418410E-06
      900.172        -1.10577         27.9010        1.416372E-06
      898.260        -1.11381         27.8010        1.414340E-06
      896.553        -1.12097         27.7010        1.412313E-06
      894.846        -1.12813         27.6010        1.410293E-06
      893.140        -1.13528         27.5010        1.408278E-06
      891.434        -1.14243         27.4010        1.406269E-06
      889.729        -1.14957         27.3010        1.404266E-06
      888.025        -1.15671         27.2010        1.402268E-06
      886.321        -1.16385         27.1010        1.400276E-06
      884.619        -1.17098         27.0010        1.398290E-06
      882.917        -1.17811         26.9010        1.396309E-06
      881.217        -1.18524         26.8010        1.394334E-06
      879.518        -1.19235         26.7010        1.392365E-06
      877.820        -1.19946         26.6010        1.390401E-06
      876.123        -1.20657         26.5010        1.388443E-06
      874.427        -1.21367         26.4010        1.386490E-06
      872.733        -1.22076         26.3010        1.384542E-06
      871.209        -1.22711         26.2010        1.382601E-06
      869.517        -1.23420         26.1010        1.380664E-06
      867.825        -1.24128         26.0010        1.378733E-06
      866.136        -1.24835         25.9010        1.376808E-06
      864.609        -1.25472         25.8010        1.374887E-06
      862.921        -1.26178         25.7010        1.372972E-06
      861.236        -1.26883         25.6010        1.371063E-06
      859.707        -1.27520         25.5010        1.369158E-06
      858.023        -1.28225         25.4010        1.367259E-06
      856.493        -1.28862         25.3010        1.365366E-06
      854.812        -1.29566         25.2010        1.363477E-06
      853.134        -1.30268         25.1010        1.361594E-06
      851.603        -1.30905         25.0010        1.359716E-06
      849.928        -1.31606         24.9010        1.357843E-06
      848.397        -1.32244         24.8010        1.355975E-06
      846.865        -1.32882         24.7010        1.354112E-06
      845.193        -1.33581         24.6010        1.352255E-06
      843.662        -1.34219         24.5010        1.350402E-06
      842.129        -1.34858         24.4010        1.348555E-06
      840.463        -1.35554         24.3010        1.346713E-06
      838.932        -1.36192         24.2010        1.344875E-06
      837.399        -1.36830         24.1010        1.343043E-06
      835.867        -1.37469         24.0010        1.341216E-06
      834.208        -1.38162         23.9010        1.339394E-06
      832.677        -1.38799         23.8010        1.337576E-06
      831.146        -1.39437         23.7010        1.335764E-06
      829.615        -1.40075         23.6010        1.333956E-06
      828.085        -1.40712         23.5010        1.332153E-06
      826.554        -1.41349         23.4010        1.330356E-06
      825.024        -1.41986         23.3010        1.328563E-06
      823.495        -1.42623         23.2010        1.326775E-06
      821.966        -1.43260         23.1010        1.324991E-06
      820.438        -1.43896         23.0010        1.323213E-06
      819.021        -1.44484         22.9010        1.321439E-06
      817.493        -1.45120         22.8010        1.319670E-06
      815.966        -1.45755         22.7010        1.317906E-06
      814.440        -1.46390         22.6010        1.316146E-06
      813.020        -1.46980         22.5010        1.314391E-06
      811.495        -1.47614         22.4010        1.312641E-06
      810.073        -1.48204         22.3010        1.310895E-06
      808.549        -1.48839         22.2010        1.309155E-06
      807.028        -1.49472         22.1010        1.307418E-06
      805.605        -1.50063         22.0010        1.305686E-06
      804.180        -1.50654         21.9010        1.303959E-06
      802.661        -1.51286         21.8010        1.302237E-06
      801.236        -1.51877         21.7010        1.300519E-06
      799.719        -1.52508         21.6010        1.298805E-06
      798.294        -1.53100         21.5010        1.297096E-06
      796.869        -1.53691         21.4010        1.295392E-06
      795.444        -1.54282         21.3010        1.293692E-06
      794.017        -1.54874         21.2010        1.291996E-06
      792.591        -1.55466         21.1010        1.290305E-06
      791.165        -1.56058         21.0009        1.288618E-06
      789.739        -1.56649         20.9009        1.286936E-06
      788.313        -1.57241         20.8009        1.285258E-06
      786.888        -1.57832         20.7009        1.283585E-06
      785.463        -1.58424         20.6009        1.281916E-06
      784.038        -1.59015         20.5009        1.280251E-06
      782.614        -1.59605         20.4009        1.278590E-06
      781.265        -1.60164         20.3009        1.276934E-06
      779.842        -1.60754         20.2009        1.275282E-06
      778.419        -1.61344         20.1009        1.273634E-06
      777.068        -1.61903         20.0009        1.271991E-06
      775.647        -1.62493         19.9009        1.270352E-06
      774.296        -1.63052         19.8009        1.268717E-06
      772.943        -1.63612         19.7009        1.267086E-06
      771.524        -1.64201         19.6009        1.265459E-06
      770.171        -1.64761         19.5009        1.263837E-06
      768.817        -1.65321         19.4009        1.262218E-06
      767.464        -1.65881         19.3009        1.260604E-06
      766.110        -1.66442         19.2009        1.258994E-06
      764.756        -1.67002         19.1009        1.257389E-06
      763.402        -1.67563         19.0009        1.255787E-06
      762.049        -1.68123         18.9009        1.254189E-06
      760.696        -1.68683         18.8009        1.252595E-06
      759.343        -1.69243         18.7009        1.251006E-06
      758.045        -1.69779         18.6009        1.249420E-06
      756.693        -1.70339         18.5009        1.247839E-06
      755.394        -1.70876         18.4009        1.246261E-06
      754.043        -1.71435         18.3009        1.244687E-06
      752.742        -1.71972         18.2009        1.243118E-06
      751.393        -1.72531         18.1009        1.241552E-06
      750.093        -1.73069         18.0009        1.239991E-06
      748.792        -1.73606         17.9009        1.238433E-06
      747.491        -1.74144         17.8009        1.236879E-06
      746.191        -1.74681         17.7009        1.235329E-06
      744.890        -1.75219         17.6009        1.233783E-06
      743.589        -1.75756         17.5009        1.232240E-06
      742.289        -1.76294         17.4009        1.230702E-06
      741.031        -1.76813         17.3009        1.229167E-06
      739.732        -1.77350         17.2009        1.227637E-06
      738.433        -1.77887         17.1009        1.226110E-06
      737.174        -1.78407         17.0009        1.224587E-06
      735.914        -1.78927         16.9009        1.223067E-06
      734.617        -1.79463         16.8009        1.221552E-06
      733.357        -1.79983         16.7009        1.220040E-06
      732.098        -1.80503         16.6009        1.218532E-06
      730.838        -1.81023         16.5009        1.217027E-06
      729.579        -1.81542         16.4009        1.215527E-06
      728.352        -1.82048         16.3009        1.214030E-06
      727.094        -1.82568         16.2009        1.212536E-06
      725.836        -1.83087         16.1009        1.211047E-06
      724.608        -1.83593         16.0009        1.209561E-06
      723.381        -1.84100         15.9009        1.208079E-06
      722.124        -1.84618         15.8009        1.206600E-06
      720.897        -1.85124         15.7009        1.205125E-06
      719.671        -1.85630         15.6009        1.203653E-06
      718.444        -1.86136         15.5009        1.202185E-06
      717.218        -1.86642         15.4009        1.200721E-06
      716.017        -1.87137         15.3009        1.199260E-06
      714.792        -1.87642         15.2009        1.197803E-06
      713.591        -1.88137         15.1009        1.196349E-06
      712.390        -1.88632         15.0009        1.194899E-06
      711.168        -1.89136         14.9009        1.193453E-06
      709.968        -1.89631         14.8009        1.192009E-06
      708.789        -1.90117         14.7009        1.190570E-06
      707.590        -1.90611         14.6009        1.189134E-06
      706.391        -1.91105         14.5009        1.187701E-06
      705.212        -1.91591         14.4009        1.186272E-06
      704.016        -1.92084         14.3009        1.184846E-06
      702.838        -1.92569         14.2009        1.183423E-06
      701.661        -1.93054         14.1009        1.182004E-06
      700.484        -1.93539         14.0009        1.180589E-06
      699.324        -1.94017         13.9009        1.179177E-06
      698.149        -1.94501         13.8009        1.177768E-06
      696.989        -1.94978         13.7009        1.176362E-06
      695.830        -1.95456         13.6009        1.174960E-06
      694.672        -1.95933         13.5009        1.173561E-06
      693.514        -1.96409         13.4009        1.172166E-06
      692.358        -1.96885         13.3009        1.170774E-06
      691.215        -1.97356         13.2009        1.169385E-06
      690.061        -1.97831         13.1009        1.167999E-06
      688.920        -1.98301         13.0009        1.166617E-06
      687.780        -1.98771         12.9009        1.165238E-06
      686.649        -1.99236         12.8009        1.163862E-06
      685.512        -1.99704         12.7009        1.162490E-06
      684.384        -2.00169         12.6009        1.161121E-06
      683.257        -2.00632         12.5009        1.159755E-06
      682.132        -2.01095         12.4009        1.158392E-06
      681.009        -2.01558         12.3009        1.157032E-06
      679.893        -2.02017         12.2009        1.155676E-06
      678.779        -2.02475         12.1009        1.154322E-06
      677.667        -2.02933         12.0009        1.152972E-06
      676.561        -2.03388         11.9009        1.151625E-06
      675.453        -2.03844         11.8009        1.150282E-06
      674.351        -2.04297         11.7009        1.148941E-06
      673.251        -2.04750         11.6009        1.147603E-06
      672.156        -2.05200         11.5009        1.146269E-06
      671.063        -2.05650         11.4009        1.144938E-06
      669.972        -2.06099         11.3009        1.143609E-06
      668.884        -2.06546         11.2009        1.142284E-06
      667.800        -2.06992         11.1009        1.140962E-06
      666.718        -2.07437         11.0009        1.139643E-06
      665.643        -2.07879         10.9009        1.138327E-06
      664.578        -2.08317         10.8009        1.137014E-06
      663.523        -2.08751         10.7009        1.135704E-06
      662.478        -2.09180         10.6009        1.134397E-06
      661.443        -2.09605         10.5009        1.133093E-06
      660.417        -2.10026         10.4009        1.131792E-06
      659.402        -2.10443         10.3009        1.130494E-06
      658.396        -2.10856         10.2009        1.129199E-06
      657.400        -2.11264         10.1009        1.127907E-06
      656.414        -2.11668         10.0009        1.126618E-06
      655.438        -2.12068         9.90091        1.125332E-06
      654.472        -2.12464         9.80091        1.124049E-06
      653.515        -2.12856         9.70091        1.122769E-06
      652.569        -2.13244         9.60091        1.121491E-06
      651.632        -2.13628         9.50091        1.120217E-06
      650.705        -2.14007         9.40091        1.118946E-06
      649.787        -2.14383         9.30091        1.117677E-06
      648.880        -2.14755         9.20090        1.116411E-06
      647.982        -2.15122         9.10090        1.115148E-06
      647.094        -2.15486         9.00090        1.113888E-06
      646.215        -2.15845         8.90090        1.112631E-06
      645.346        -2.16201         8.80090        1.111376E-06
      644.487        -2.16552         8.70090        1.110125E-06
      643.638        -2.16900         8.60090        1.108876E-06
      642.798        -2.17243         8.50090        1.107630E-06
      641.968        -2.17583         8.40090        1.106387E-06
      641.147        -2.17919         8.30090        1.105147E-06
      640.337        -2.18251         8.20090        1.103909E-06
      639.535        -2.18578         8.10090        1.102674E-06
      638.744        -2.18903         8.00090        1.101442E-06
      637.961        -2.19223         7.90090        1.100213E-06
      637.189        -2.19539         7.80090        1.098986E-06
      636.426        -2.19852         7.70090        1.097762E-06
      635.673        -2.20160         7.60090        1.096541E-06
      634.929        -2.20465         7.50090        1.095323E-06
      634.194        -2.20766         7.40090        1.094107E-06
      633.469        -2.21063         7.30090        1.092894E-06
      632.754        -2.21357         7.20090        1.091684E-06
      632.048        -2.21646         7.10090        1.090476E-06
      631.352        -2.21932         7.00090        1.089271E-06
      630.665        -2.22215         6.90090        1.088069E-06
      629.987        -2.22493         6.80090        1.086869E-06
      629.319        -2.22768         6.70090        1.085672E-06
      628.661        -2.23039         6.60090        1.084478E-06
      628.011        -2.23306         6.50090        1.083286E-06
      627.371        -2.23570         6.40090        1.082097E-06
      626.741        -2.23830         6.30090        1.080911E-06
      626.120        -2.24086         6.20090        1.079727E-06
      625.508        -2.24338         6.10090        1.078545E-06
      624.906        -2.24587         6.00090        1.077367E-06
      624.313        -2.24833         5.90090        1.076191E-06
      623.729        -2.25075         5.80090        1.075017E-06
      623.155        -2.25313         5.70090        1.073846E-06
      622.590        -2.25547         5.60090        1.072677E-06
      622.034        -2.25778         5.50090        1.071511E-06
      621.488        -2.26006         5.40090        1.070348E-06
      620.951        -2.26230         5.30090        1.069187E-06
      620.423        -2.26450         5.20090        1.068029E-06
      619.904        -2.26667         5.10090        1.066873E-06
      619.395        -2.26880         5.00090        1.065719E-06
      618.895        -2.27090         4.90090        1.064568E-06
      618.404        -2.27296         4.80090        1.063420E-06
      617.922        -2.27499         4.70090        1.062274E-06
      617.450        -2.27698         4.60090        1.061131E-06
      616.986        -2.27894         4.50090        1.059990E-06
      616.532        -2.28086         4.40090        1.058851E-06
      616.087        -2.28275         4.30090        1.057715E-06
      615.651        -2.28460         4.20090        1.056581E-06
      615.225        -2.28642         4.10090        1.055450E-06
      614.807        -2.28821         4.00090        1.054321E-06
      614.399        -2.28996         3.90090        1.053195E-06
      614.000        -2.29168         3.80090        1.052071E-06
      613.610        -2.29336         3.70090        1.050949E-06
      613.229        -2.29501         3.60090        1.049830E-06
      612.857        -2.29663         3.50090        1.048713E-06
      612.494        -2.29821         3.40090        1.047599E-06
      612.140        -2.29976         3.30090        1.046486E-06
      611.795        -2.30128         3.20090        1.045377E-06
      611.460        -2.30276         3.10090        1.044269E-06
      611.133        -2.30421         3.00091        1.043164E-06
      610.815        -2.30563         2.90091        1.042062E-06
      610.507        -2.30702         2.80091        1.040961E-06
      610.207        -2.30837         2.70091        1.039863E-06
      609.917        -2.30969         2.60091        1.038767E-06
      609.635        -2.31097         2.50091        1.037674E-06
      609.362        -2.31223         2.40091        1.036583E-06
      609.099        -2.31345         2.30091        1.035494E-06
      608.844        -2.31464         2.20091        1.034407E-06
      608.598        -2.31580         2.10091        1.033323E-06
      608.361        -2.31692         2.00091        1.032241E-06


